zmax  I2T10m4r95 I3T10m4r95 I2T10m2r95 I3T10m2r95 I2T10m3r95 I3T10m3r95 I2T10m5r95 I3T10m5r95 I2T10m6r95 I3T10m6r95 I2T10m7r95 I3T10m7r95 I2T10m8r95 I3T10m8r95
0.025 0.0019488 2.79878 0.00253111 3.63507 0.00217347 3.12145 0.00180118 2.58678 0.00169809 2.43872 0.00162244 2.33008 0.00156454 2.24692
0.05  0.00585055 2.80077 0.00756388 3.62097 0.006528 3.12508 0.00540539 2.58766 0.0050949 2.43903 0.0048672 2.33002 0.00469304 2.24664
0.075 0.00978169 2.80961 0.0124745 3.58307 0.0109041 3.132 0.00903793 2.59598 0.00851875 2.44685 0.00813807 2.33751 0.00784684 2.25386
0.1   0.013746 2.82021 0.0171913 3.52706 0.0152987 3.13877 0.0126999 2.60557 0.0119683 2.45548 0.0114319 2.34543 0.0110218 2.26128
0.125 0.0177724 2.83599 0.021656 3.45571 0.0197227 3.14721 0.0164211 2.62036 0.0154723 2.46895 0.0147764 2.35792 0.0142445 2.27304
0.15  0.0218613 2.85421 0.0257538 3.36241 0.024143 3.1521 0.0202103 2.63866 0.0190408 2.48596 0.0181819 2.37383 0.0175254 2.28811
0.175 0.0260268 2.87527 0.0294652 3.25513 0.0285553 3.15461 0.0240833 2.66057 0.0226877 2.50639 0.02166 2.39286 0.0208743 2.30606
0.2   0.0302698 2.89814 0.0326859 3.12947 0.0329157 3.15148 0.0280556 2.68615 0.0264321 2.53071 0.0252301 2.41562 0.0243102 2.32755
0.225 0.0345653 2.92007 0.0353316 2.98481 0.037154 3.13876 0.0321213 2.7136 0.0302736 2.55751 0.0288936 2.44093 0.027835 2.3515
0.25  0.0389308 2.94267 0.0374117 2.82784 0.0412569 3.11849 0.0363118 2.74471 0.0342472 2.58865 0.0326843 2.47051 0.0314806 2.37953
0.275 0.0433127 2.96209 0.0388166 2.65461 0.0451096 3.08497 0.0406082 2.77713 0.0383479 2.62255 0.0366028 2.50321 0.0352497 2.41067
0.3   0.0476907 2.97788 0.0395789 2.47137 0.0486609 3.03846 0.0450172 2.81095 0.0425949 2.65969 0.0406723 2.53964 0.0391659 2.44558
0.325 0.0519974 2.98706 0.0396493 2.27771 0.0517998 2.97571 0.0495105 2.84419 0.0469793 2.69879 0.0448919 2.57887 0.0432309 2.48345
0.35  0.0561864 2.98861 0.0390591 2.07759 0.0544398 2.89571 0.0540914 2.87718 0.0515336 2.74112 0.0493077 2.62272 0.0474967 2.52639
0.375 0.0601481 2.97869 0.0380667 1.88516 0.05649 2.79753 0.0586809 2.90603 0.0562034 2.78334 0.0538788 2.66822 0.0519284 2.57163
0.4   0.0637836 2.95494 0.0368281 1.70616 0.0578285 2.67906 0.0632407 2.92979 0.0609957 2.82579 0.058638 2.71656 0.0565719 2.62084
0.425 0.0669745 2.91472 0.0351183 1.52834 0.0583969 2.54143 0.0676851 2.94565 0.0658653 2.86645 0.0635676 2.76645 0.0614249 2.6732
0.45  0.0695609 2.85429 0.0329625 1.35255 0.0581022 2.38411 0.0718846 2.94964 0.0707305 2.90229 0.0686226 2.8158 0.0664654 2.72728
0.475 0.0714216 2.77223 0.0304331 1.18126 0.0569161 2.2092 0.0757437 2.93999 0.0755517 2.93254 0.0738102 2.86495 0.0717311 2.78424
0.5   0.0723732 2.66511 0.027654 1.01835 0.054842 2.01953 0.0790364 2.91048 0.080136 2.95097 0.0789828 2.9085 0.0771115 2.83959
0.525 0.0723126 2.53298 0.0238141 0.834165 0.0523035 1.8321 0.0816404 2.85972 0.0844081 2.95666 0.0841243 2.94672 0.0826391 2.8947
0.55  0.071039 2.37263 0.0193565 0.646488 0.0493576 1.64849 0.0832323 2.77988 0.0880503 2.94079 0.0889712 2.97155 0.0881083 2.94273
0.575 0.068582 2.18877 0.0153111 0.488646 0.0457365 1.45966 0.0837038 2.67137 0.090923 2.90177 0.0934175 2.98138 0.0934663 2.98294
0.6   0.0648371 1.9812 0.0117747 0.359793 0.0415051 1.26825 0.0827509 2.52858 0.0926584 2.83132 0.0971264 2.96785 0.0984425 3.00806
0.625 0.0606537 1.77772 0.00878182 0.257389 0.0368285 1.07942 0.0802159 2.35107 0.0929545 2.72443 0.0997683 2.92414 0.102748 3.01148
0.65  0.0557147 1.56892 0.00541236 0.152412 0.03109 0.875493 0.0760128 2.14051 0.0915146 2.57704 0.100961 2.84306 0.106011 2.98527
0.675 0.0498466 1.35071 0.00318755 0.0863739 0.0239024 0.64769 0.0702659 1.90401 0.0880472 2.38584 0.100251 2.71652 0.107731 2.91921
0.7   0.0432589 1.12957 0.00179377 0.0468387 0.0175954 0.45945 0.0641367 1.67473 0.0823856 2.15125 0.0972279 2.53881 0.107379 2.80388
0.725 0.0355208 0.894973 0.000977313 0.0246241 0.0123719 0.311719 0.0566778 1.42804 0.0748683 1.88636 0.0915088 2.30563 0.104305 2.62804
0.75  0.0256381 0.624074 0.000530948 0.0129241 0.00720816 0.175458 0.0481801 1.17278 0.0666354 1.62202 0.0830179 2.02079 0.0981003 2.38792
0.775 0.0173447 0.408356 0.000274554 0.00646398 0.00362586 0.0853656 0.0382743 0.901113 0.0567612 1.33636 0.0733504 1.72693 0.0884382 2.08215
0.8   0.0103742 0.236492 0.00013411 0.00305719 0.00167321 0.0381427 0.0258254 0.588719 0.0458299 1.04474 0.0618928 1.41092 0.0769227 1.75354
0.825 0.00456963 0.100965 0.000121202 0.00267793 0.000743935 0.016437 0.0158537 0.350283 0.0310779 0.686658 0.0489245 1.08097 0.0634013 1.40083
0.85  0.00175042 0.0375206 0.000120237 0.00257729 0.000304024 0.00651682 0.00719086 0.154137 0.0181491 0.38903 0.0318526 0.682766 0.0481904 1.03297
0.875 0.000621187 0.0129293 0.000119496 0.00248718 0.00015056 0.00313374 0.00242355 0.0504435 0.00757525 0.15767 0.0170187 0.354224 0.0279654 0.582067
0.9   0.000184857 0.00373921 0.000138307 0.00279761 0.000148831 0.00301048 0.000700373 0.0141668 0.00208897 0.0422547 0.00549471 0.111145 0.0122763 0.248319
0.925 0.000167053 0.0032865 0.000167891 0.00330298 0.000153311 0.00301614 0.00018202 0.00358095 0.000462495 0.00909883 0.00114645 0.0225546 0.00256594 0.0504807
0.95  0.000180672 0.00345965 0.000210084 0.00402285 0.000199726 0.0038245 0.0001792 0.00343146 0.000190311 0.00364422 0.000199643 0.00382292 0.000350024 0.00670252
0.975 0.000262966 0.00490469 0.000273504 0.00510122 0.000277945 0.00518406 0.000244006 0.00455105 0.00022532 0.00420252 0.000208278 0.00388468 0.000203338 0.00379254
1     0.000448916 0.00816094 0.000382004 0.00694453 0.000433462 0.00787999 0.000448504 0.00815344 0.00044078 0.00801303 0.00042929 0.00780415 0.000416098 0.00756433
