zmax  I2T12w2m4r95 I3T12w2m4r95 I2T12w3m4r95 I3T12w3m4r95 I2T12w4m4r95 I3T12w4m4r95 I2T12w5m4r95 I3T12w5m4r95 I2T12w6m4r95 I3T12w6m4r95 I2T12w7m4r95 I3T12w7m4r95 I2T12w8m4r95 I3T12w8m4r95
0.025 0.00138021 1.9822 0.00128684 1.8481 0.0011871 1.70487 0.00108063 1.55195 0.000966114 1.38749 0.000844487 1.21282 0.000720477 1.03472
0.05  0.00416878 1.99567 0.00388644 1.86051 0.00358496 1.71619 0.00326307 1.56209 0.00291701 1.39643 0.00254948 1.22048 0.00217482 1.04113
0.075 0.0070746 2.03205 0.00659431 1.89409 0.00608169 1.74685 0.00553438 1.58965 0.0049464 1.42076 0.00432205 1.24143 0.00368581 1.05868
0.1   0.0101432 2.08104 0.00945229 1.93928 0.00871505 1.78803 0.00792833 1.62662 0.00708358 1.4533 0.00618707 1.26937 0.00527403 1.08205
0.125 0.0134707 2.14956 0.0125489 2.00247 0.011566 1.84562 0.0105177 1.67834 0.00939268 1.49882 0.00819969 1.30845 0.00698559 1.11471
0.15  0.0171388 2.23763 0.0159602 2.08376 0.014704 1.91975 0.0133653 1.74497 0.0119299 1.55757 0.0104083 1.35891 0.0088613 1.15693
0.175 0.0212273 2.34505 0.0197599 2.18294 0.0181965 2.01024 0.0165316 1.8263 0.0147477 1.62923 0.0128582 1.42049 0.0109389 1.20846
0.2   0.025829 2.47296 0.0240339 2.3011 0.0221223 2.11807 0.0200877 1.92327 0.0179089 1.71467 0.0156034 1.49392 0.0132635 1.2699
0.225 0.031038 2.62209 0.028871 2.43902 0.0265637 2.2441 0.0241088 2.0367 0.0214813 1.81474 0.0187027 1.58 0.0158851 1.34197
0.25  0.0369666 2.7942 0.0343767 2.59843 0.0316188 2.38998 0.0286844 2.16818 0.0255447 1.93085 0.0222258 1.67999 0.0188622 1.42574
0.275 0.0437117 2.98937 0.0406448 2.77963 0.0373771 2.55616 0.0338986 2.31827 0.0301757 2.06367 0.0262409 1.79457 0.0222541 1.52192
0.3   0.0513845 3.20853 0.0477849 2.98377 0.0439441 2.74394 0.0398511 2.48836 0.0354665 2.21459 0.0308303 1.92509 0.026132 1.63173
0.325 0.0600294 3.44846 0.0558471 3.20821 0.0513738 2.95123 0.0465972 2.67683 0.0414717 2.38239 0.0360453 2.07067 0.0305429 1.75457
0.35  0.0697961 3.71253 0.0649859 3.45666 0.059822 3.18199 0.0542899 2.88773 0.0483374 2.57111 0.0420211 2.23514 0.0356072 1.89398
0.375 0.0806032 3.99168 0.0751464 3.72145 0.0692562 3.42975 0.0629164 3.11579 0.0560652 2.7765 0.0487703 2.41524 0.0413444 2.04748
0.4   0.0924919 4.28493 0.0863961 4.00253 0.0797659 3.69536 0.0725809 3.3625 0.0647688 3.00058 0.0564082 2.61326 0.0478651 2.21748
0.425 0.105343 4.58451 0.0986656 4.29392 0.091324 3.97441 0.0832926 3.62489 0.0744852 3.24159 0.0649915 2.82843 0.0552381 2.40396
0.45  0.118909 4.8792 0.111777 4.58655 0.103817 4.25992 0.0949939 3.89789 0.085204 3.49618 0.0745469 3.05889 0.0635153 2.60623
0.475 0.13294 5.16007 0.125556 4.87345 0.117139 4.54675 0.107641 4.17809 0.0969324 3.76243 0.0851203 3.30395 0.0727692 2.82454
0.5   0.146832 5.40703 0.139515 5.13759 0.130918 4.82101 0.12097 4.45467 0.109506 4.03251 0.0966326 3.55845 0.0829887 3.05602
0.525 0.160104 5.60816 0.153275 5.36895 0.144875 5.07472 0.134799 4.72177 0.122832 4.30258 0.109068 3.82045 0.0942177 3.30028
0.55  0.171816 5.73847 0.166023 5.54499 0.158337 5.2883 0.148602 4.96314 0.13653 4.55996 0.122183 4.08079 0.106333 3.55141
0.575 0.181215 5.78341 0.177113 5.65248 0.170761 5.44977 0.16196 5.16887 0.150315 4.79723 0.135822 4.33471 0.119293 3.80718
0.6   0.182697 5.5826 0.183876 5.61862 0.181348 5.54137 0.174192 5.32272 0.163658 5.00083 0.149622 4.57191 0.132894 4.06077
0.625 0.178865 5.24241 0.183865 5.38897 0.186133 5.45542 0.184579 5.40989 0.175966 5.15743 0.163154 4.78192 0.146884 4.30508
0.65  0.169368 4.7694 0.178544 5.0278 0.185217 5.21569 0.188389 5.30502 0.186566 5.25369 0.175887 4.95296 0.160918 4.53145
0.675 0.154428 4.18458 0.167705 4.54434 0.179062 4.85209 0.187284 5.07489 0.190713 5.1678 0.187191 5.07238 0.174531 4.72933
0.7   0.13587 3.54782 0.151822 3.96438 0.167643 4.37749 0.181185 4.73108 0.190417 4.97216 0.193471 5.0519 0.1873 4.89076
0.725 0.114328 2.88058 0.132878 3.34795 0.151546 3.81832 0.169869 4.27997 0.185219 4.66674 0.19496 4.91215 0.197708 4.98139
0.75  0.0913282 2.22308 0.111173 2.70614 0.132552 3.22654 0.154247 3.75462 0.17516 4.26369 0.192082 4.67558 0.202598 4.93156
0.775 0.0714665 1.68257 0.0887309 2.08904 0.110955 2.61228 0.135677 3.19433 0.160584 3.78072 0.184473 4.34316 0.203615 4.79383
0.8   0.052865 1.20512 0.0694979 1.58428 0.0891135 2.03144 0.114529 2.61083 0.14317 3.26371 0.172237 3.92635 0.200284 4.56571
0.825 0.0320287 0.707665 0.0512836 1.1331 0.0700899 1.54862 0.0927923 2.05022 0.122937 2.71626 0.156703 3.4623 0.192412 4.25129
0.85  0.0163429 0.350314 0.0302881 0.64923 0.0521113 1.11701 0.0739892 1.58597 0.101263 2.1706 0.138255 2.96351 0.18014 3.86134
0.875 0.00511349 0.106432 0.0155079 0.322778 0.0311164 0.647652 0.0559857 1.16528 0.0822434 1.7118 0.117604 2.44779 0.164918 3.43258
0.9   0.00124405 0.0251641 0.00472889 0.0956539 0.0162822 0.329348 0.0352827 0.713683 0.0640674 1.29593 0.0970959 1.96401 0.14668 2.96698
0.925 0.000248715 0.00489306 0.00118298 0.0232733 0.00524714 0.103229 0.0192701 0.379108 0.0447258 0.879908 0.0787949 1.55016 0.126223 2.48323
0.95  0.000208968 0.00400147 0.000243562 0.0046639 0.00137639 0.0263561 0.00719043 0.137688 0.0260377 0.498589 0.0611298 1.17056 0.105698 2.02399
0.975 0.000279997 0.00522233 0.000214036 0.00399207 0.000306114 0.00570944 0.0020163 0.0376067 0.0124459 0.232134 0.0406049 0.757337 0.0872615 1.62755
1     0.00052265 0.00950136 0.000292894 0.00532459 0.000229931 0.00417997 0.000517706 0.00941149 0.00401753 0.0730355 0.0235623 0.428343 0.0688889 1.25235
